[gd_scene load_steps=6 format=3 uid="uid://c0ygqwny0lrq4"]

[ext_resource type="MeshLibrary" uid="uid://dyswelelca1ie" path="res://scenes/levels/1.tres" id="1_jc8nm"]
[ext_resource type="PackedScene" uid="uid://b2tj56lfae6vl" path="res://character/character_body_3d.tscn" id="2_j8ksp"]

[sub_resource type="ProceduralSkyMaterial" id="ProceduralSkyMaterial_745le"]

[sub_resource type="Sky" id="Sky_ge6ac"]
sky_material = SubResource("ProceduralSkyMaterial_745le")

[sub_resource type="Environment" id="Environment_r5dil"]
background_mode = 2
sky = SubResource("Sky_ge6ac")
ssr_enabled = true

[node name="Node3D" type="Node3D"]
transform = Transform3D(0.999998, -0.00189956, 0.000438072, 0.00189949, 0.999998, 0.000144981, -0.000438346, -0.00014415, 1, 0, 0, 0)

[node name="GridMap" type="GridMap" parent="."]
mesh_library = ExtResource("1_jc8nm")
data = {
"cells": PackedInt32Array(1, 1, 0, 0, 1, 0, 65535, 1, 0, 65534, 1, 0, 65534, 0, 0, 65535, 0, 0, 0, 0, 0, 1, 0, 0, 1, 65535, 0, 0, 65535, 0, 65535, 65535, 0, 65534, 65535, 0, 0, 2, 0, 65535, 2, 0, 65534, 2, 0, 1, 2, 0, 1, 3, 5, 0, 3, 5, 65535, 3, 5, 65534, 3, 5, 65533, 2, 5, 65533, 1, 5, 65533, 0, 5, 65533, 65535, 5, 65533, 3, 655365, 65534, 65534, 655365, 65533, 65534, 655365, 65535, 65534, 655365, 0, 65534, 655365, 1, 65534, 655365, 2, 65534, 655365, 131069, 65534, 1441797, 131070, 65534, 1441797, 131071, 65534, 1441797, 65536, 65534, 1441797, 65537, 65534, 1441797, 65538, 65534, 1441797, 131069, 65535, 1441797, 131069, 0, 1441797, 131069, 1, 1441797, 131069, 2, 1441797, 131069, 3, 1441797, 131070, 3, 1441797, 131071, 3, 1441797, 65536, 3, 1441797, 65537, 3, 1441797, 4, 65535, 1441794, 4, 0, 1441794, 4, 1, 1441794, 4, 2, 1441794, 2, 3, 1441797, 65538, 3, 1441797, 65540, 65534, 5, 65540, 65535, 5, 65540, 0, 5, 65540, 1, 5, 65540, 2, 5, 65539, 3, 5, 65540, 3, 5, 65539, 65534, 5, 65541, 65534, 5, 65541, 65535, 5, 65541, 0, 5, 65541, 1, 5, 65541, 2, 5, 65541, 3, 1048581, 131076, 65534, 1, 131076, 3, 3, 131077, 65534, 12, 65542, 65534, 5, 65542, 65535, 5, 65542, 0, 5, 65542, 1, 5, 65542, 2, 5, 65542, 3, 5, 65543, 3, 5, 65543, 2, 5, 65543, 1, 5, 65543, 0, 5, 65543, 65535, 5, 65543, 65534, 5, 131069, 65533, 5, 131070, 65533, 5, 131071, 65533, 5, 65536, 65533, 5, 65537, 65533, 5, 65538, 65533, 5, 65539, 65533, 5, 65540, 65533, 5, 65541, 65533, 5, 65542, 65533, 5, 65543, 65533, 5, 196605, 65533, 5, 196606, 65533, 5, 196607, 65533, 5, 131072, 65533, 5, 131073, 65533, 5, 131074, 65533, 5, 131075, 65533, 5, 131076, 65533, 5, 131077, 65533, 5, 131078, 65533, 5, 131079, 65533, 5)
}
metadata/_editor_floor_ = Vector3(0, 2, 0)

[node name="WorldEnvironment" type="WorldEnvironment" parent="."]
environment = SubResource("Environment_r5dil")

[node name="DirectionalLight3D" type="DirectionalLight3D" parent="."]
transform = Transform3D(0.999996, -0.00151896, 0.00234997, -0.00239471, -0.030151, 0.999542, -0.00144741, -0.999544, -0.0301545, 0.0309449, 16.2911, 0.00236192)

[node name="CharacterBody3D" parent="." instance=ExtResource("2_j8ksp")]
transform = Transform3D(0.999998, 0.0018995, -0.000438347, -0.00189955, 0.999998, -0.000144149, 0.000438071, 0.000144982, 1, 1.40198, 4.59353, 1.92465)
